341
19.5349 7.61308 6.93629
20.1354 7.603 6.31135
21.7317 7.53081 6.2563
19.9306 8.01343 17.7647
20.5587 8.00461 17.1069
22.0932 7.94477 17.101
18.8511 8.3011 7.50517
18.878 8.32317 6.53894
20.2532 8.2732 6.38089
21.7671 8.21651 6.2767
19.1323 8.75359 18.286
19.3141 8.76711 17.2981
19.6492 8.77333 16.4331
20.8532 8.73934 16.2022
22.6765 8.67739 16.3874
16.2587 9.03101 8.8099
16.1577 9.05476 7.7618
17.2652 9.02455 7.49524
17.9219 9.01462 6.92974
18.6828 9.00024 6.42082
20.2932 8.94905 6.40455
21.7894 8.90345 6.28956
23.3878 8.85402 6.20309
40.543 8.30079 6.43453
41.0011 8.30398 5.52314
42.2555 8.27489 4.95934
13.9205 9.63369 16.3801
13.5821 9.66245 15.0436
13.4221 9.68429 13.8709
13.3171 9.70383 12.7592
13.2417 9.72203 11.6868
13.1215 9.7416 10.5979
12.8179 9.76746 9.39601
13.2928 9.76538 8.75667
13.5826 9.76984 7.98993
14.0115 9.76938 7.31926
15.1542 9.74413 7.11107
16.3609 9.71699 6.92209
17.6199 9.6884 6.74273
18.5753 9.67052 6.35583
20.2576 9.62825 6.38352
21.8124 9.5908 6.30282
23.2032 9.5593 6.09911
25.8079 9.48784 6.53674
27.6312 9.44308 6.49769
29.5668 9.39518 6.48135
39.5485 9.13752 7.09513
40.1864 9.1342 6.27098
40.9823 9.12591 5.51475
41.9072 9.11366 4.80813
13.1414 10.3188 16.8226
13.0359 10.3333 15.6666
13.0834 10.3435 14.6497
13.0372 10.356 13.5732
12.9901 10.3684 12.5117
12.9081 10.3815 11.4396
12.7935 10.3953 10.3601
12.7922 10.406 9.37778
13.0342 10.4104 8.57727
13.4089 10.4114 7.87208
13.8212 10.4115 7.19301
14.7838 10.3979 6.87087
15.908 10.3804 6.63511
17.2634 10.3576 6.52197
18.5243 10.3373 6.32498
20.1045 10.3096 6.29305
21.6997 10.2819 6.23782
23.1547 10.2578 6.07179
25.2319 10.2193 6.22025
27.0607 10.1871 6.1919
28.9343 10.1542 6.15079
30.7911 10.1222 6.06429
32.7869 10.0873 6.01123
34.8712 10.0508 5.96241
36.9995 10.0137 5.89415
39.2951 9.97328 5.86218
40.8718 9.94958 5.46542
41.9366 9.93767 4.82091
42.999 9.92595 4.16258
13.1462 10.9912 16.8266
12.9689 11.001 15.6126
12.969 11.0079 14.5594
12.9269 11.0153 13.488
12.8845 11.0227 12.4317
12.8552 11.0297 11.4005
12.8085 11.0369 10.371
12.8701 11.0424 9.43306
13.0042 11.0467 8.55646
13.298 11.0485 7.79682
13.7127 11.0485 7.12106
14.7178 11.0397 6.82812
15.8563 11.029 6.60232
17.1273 11.0166 6.43768
18.4734 11.0031 6.29418
20.0979 10.9859 6.28917
21.9091 10.9661 6.35858
23.1036 10.9554 6.04306
24.8172 10.9375 5.99243
26.5081 10.9201 5.89572
28.3193 10.9012 5.82933
30.2121 10.8814 5.76926
32.1785 10.8608 5.70906
34.1928 10.8399 5.63418
36.3017 10.8178 5.56538
38.5977 10.7935 5.5423
40.8106 10.7706 5.43813
41.8693 10.7635 4.79169
42.991 10.7557 4.15921
14.0001 11.6568 18.6306
13.1846 11.6635 16.8582
12.9643 11.667 15.6089
12.894 11.6697 14.5001
12.8226 11.6723 13.4073
12.7799 11.6748 12.3526
12.7515 11.6771 11.3236
12.818 11.6789 10.3779
12.9177 11.6806 9.46682
12.9898 11.6823 8.54648
13.2948 11.6829 7.7947
13.7002 11.6829 7.11275
14.7533 11.6797 6.85115
15.8294 11.6765 6.5853
17.0944 11.6723 6.41732
18.476 11.6677 6.29576
19.929 11.6628 6.18941
21.6666 11.6565 6.21874
23.0928 11.6519 6.03699
24.7541 11.6461 5.95776
26.4605 11.6403 5.87022
28.2274 11.6342 5.78128
30.0489 11.6279 5.6861
31.9223 11.6215 5.58186
33.839 11.6149 5.46301
35.8468 11.608 5.35106
37.9932 11.6006 5.26509
40.7651 11.5904 5.41781
41.9503 11.5875 4.82685
42.8614 11.5858 4.10452
13.9999 12.3432 18.6304
13.266 12.3369 16.9252
12.9877 12.3331 15.6277
12.9461 12.3306 14.5413
12.903 12.3281 13.4695
12.863 12.3257 12.4155
12.8327 12.3233 11.3838
12.833 12.3211 10.3888
12.9439 12.3196 9.48538
13.0425 12.318 8.58299
13.3539 12.3174 7.83474
13.7818 12.3175 7.16691
14.6942 12.32 6.81283
15.8068 12.3234 6.57093
17.0499 12.3274 6.38974
18.4555 12.3322 6.28332
19.9226 12.3372 6.18562
21.4356 12.3424 6.08547
23.0657 12.348 6.02168
24.7153 12.3537 5.93642
26.413 12.3595 5.84475
28.1811 12.3656 5.75709
30.0007 12.3719 5.66154
31.8811 12.3783 5.5614
33.777 12.3848 5.43301
35.7892 12.3917 5.32392
37.8889 12.3989 5.21722
40.4497 12.4082 5.27706
41.8798 12.4122 4.79625
45.2348 12.4248 5.10612
14.1383 13.0319 18.7468
13.4042 13.0129 17.039
13.0839 13.0008 15.7053
13.0398 12.9932 14.6153
13.0017 12.9858 13.5458
12.9623 12.9785 12.4906
12.9543 12.9718 11.4739
12.9437 12.9651 10.469
13.0163 12.9598 9.5367
13.1284 12.9552 8.6426
13.4174 12.9533 7.87784
13.8257 12.9532 7.19601
14.6648 12.9595 6.79375
15.8057 12.9702 6.57023
17.0054 12.9817 6.36218
18.4323 12.9963 6.2693
19.902 13.0113 6.17342
21.4342 13.0271 6.08468
23.0389 13.0437 6.0066
24.6765 13.0605 5.91512
26.3655 13.0779 5.81932
28.1349 13.0962 5.73292
29.9312 13.1147 5.62612
31.8385 13.1344 5.54022
33.716 13.1536 5.40349
35.7317 13.1744 5.29683
37.845 13.1962 5.19711
40.0127 13.2186 5.08201
41.7334 13.2347 4.7327
45.3235 13.2756 5.14355
13.5162 13.6912 17.1313
13.2152 13.6715 15.8112
13.1322 13.6578 14.6883
13.1028 13.6457 13.624
13.0626 13.6335 12.5666
13.0405 13.6219 11.5377
13.0186 13.6105 10.5233
13.0988 13.6018 9.5952
13.2146 13.5942 8.70238
13.4768 13.5903 7.91813
13.8036 13.5881 7.18136
14.6706 13.5993 6.79748
15.8045 13.617 6.56952
16.971 13.6352 6.34086
18.4091 13.6599 6.25528
19.8923 13.6853 6.1677
21.4328 13.7117 6.08388
23.0121 13.7388 5.99153
24.6347 13.7665 5.89217
26.3195 13.7954 5.79463
28.0887 13.8259 5.70879
29.8618 13.8561 5.59076
31.7844 13.8895 5.51338
33.6578 13.9213 5.37532
35.6893 13.9563 5.27686
37.8012 13.9927 5.17703
40.0652 14.0322 5.10545
42.5367 14.0758 5.0814
13.6016 14.3709 17.2016
13.3597 14.3455 15.9278
13.2486 14.3252 14.7802
13.2155 14.3081 13.7111
13.1637 14.2906 12.6431
13.1263 14.2738 11.6013
13.0915 14.2573 10.5761
13.1788 14.2454 9.65198
13.2986 14.2348 8.76071
13.5294 14.2283 7.95383
13.8919 14.2264 7.23996
14.6983 14.24 6.81547
15.9076 14.2674 6.63486
17.3099 14.301 6.55073
18.7517 14.3355 6.46255
20.2653 14.372 6.38805
21.8232 14.4096 6.30905
23.4366 14.4485 6.23056
25.1081 14.4889 6.15225
26.7736 14.5286 6.03804
28.5423 14.5712 5.94589
30.3997 14.6162 5.86485
32.3177 14.6626 5.7782
33.4135 14.6819 5.25714
35.4148 14.73 5.14755
38.6628 14.8173 5.57218
42.0496 14.9079 5.9911
13.9998 15.0674 17.5296
13.735 15.0335 16.2304
13.5068 15.0018 14.9841
13.5049 14.9812 13.9349
13.4549 14.9587 12.8635
13.4231 14.9372 11.8211
13.4281 14.9178 10.8201
13.4942 14.9014 9.87567
13.6551 14.8896 9.00795
14.0819 14.89 8.32867
14.6802 14.898 7.76283
15.6943 14.9245 7.46133
16.6615 14.9487 7.11264
18.0364 14.9904 7.00066
19.201 15.0225 6.73431
20.7332 15.0701 6.66452
22.3052 15.1189 6.58706
23.9145 15.1686 6.4996
25.5886 15.2205 6.41623
27.3392 15.2751 6.34119
29.1463 15.3313 6.26159
30.9927 15.3885 6.16702
32.7628 15.4418 5.99926
33.4658 15.4503 5.28246
34.2124 15.4604 4.58105
18.0181 15.8772 16.3173
17.6211 15.8285 14.9308
17.5879 15.801 13.8354
17.6008 15.7764 12.7879
17.6482 15.7541 11.7779
17.6594 15.7301 10.7556
17.7929 15.7131 9.82755
17.9299 15.6965 8.91095
18.2017 15.6875 8.08873
18.6305 15.687 7.36851
19.6261 15.7169 6.99148
21.1391 15.774 6.90428
22.7073 15.8332 6.81902
24.3308 15.8947 6.734
26.0356 15.9596 6.66182
27.7856 16.026 6.58046
29.6087 16.0955 6.50331
31.5023 16.1677 6.42671
33.265 16.2323 6.24866
34.134 16.2509 5.60574
19.0281 16.619 15.9731
18.7439 16.5692 14.6733
18.6562 16.533 13.5363
18.6331 16.5015 12.4611
18.6213 16.4712 11.4082
18.6504 16.4439 10.3964
18.793 16.4243 9.47067
18.9512 16.406 8.5637
19.399 16.4063 7.84443
19.996 16.4161 7.21523
21.5166 16.4839 7.12735
23.1117 16.5555 7.05229
24.7592 16.6294 6.97525
26.4685 16.7062 6.8997
28.2402 16.7859 6.82412
30.0894 16.8694 6.75454
32.0091 16.9561 6.68497
20.1779 17.3825 15.7127
19.8893 17.3246 14.4108
19.7339 17.2776 13.2247
19.7041 17.2407 12.1428
19.6748 17.2044 11.0759
19.7963 17.1797 10.1212
20.0158 17.1626 9.23841
20.3196 17.1519 8.41449
20.914 17.1626 7.77054
21.9302 17.2037 7.3717
23.5206 17.2858 7.28818
25.1839 17.372 7.21437
26.9034 17.4612 7.13861
28.6897 17.5541 7.06503
30.5771 17.6529 7.00943
21.8208 18.1609 14.6724
21.4838 18.0917 13.3501
21.2885 18.0353 12.1463
21.1829 17.9873 11.0203
21.4938 17.9749 10.1751
21.845 17.9659 9.35911
22.3036 17.966 8.61118
23.2156 18.0033 8.13108
24.4448 18.0661 7.82128
26.1234 18.1646 7.74335
28.671 18.3321 8.10982
