449
18.2714 8.21599 16.5571
17.3468 8.23607 16.6636
42.729 8.65296 18.9998
41.9448 8.64731 18.5288
41.1745 8.64046 18.0289
40.4012 8.63358 17.5269
43.3195 8.20856 6.49478
42.2711 8.21394 6.23576
41.2877 8.21433 5.85955
19.0412 8.90774 16.9678
18.149 8.91962 16.9566
17.2794 8.92931 16.8918
16.4734 8.93101 16.6227
18.854 8.48168 4.68208
17.9026 8.48787 4.48448
17.2137 8.45446 3.25529
47.3561 9.29367 17.0244
45.5836 9.33872 17.9863
43.5863 9.39715 19.3525
42.7222 9.39711 19.0105
41.9551 9.39179 18.5122
41.1853 9.38643 18.0111
40.2241 9.39167 17.8253
39.1669 9.40262 17.8125
38.2031 9.40853 17.6503
37.1368 9.4208 17.6824
36.1726 9.42734 17.5434
35.1665 9.43676 17.4941
39.4559 9.10986 7.13747
33.2648 9.44964 17.2193
37.914 9.08471 5.60321
37.1338 9.07192 4.8244
21.9049 9.55404 16.59
20.9776 9.56439 16.6059
19.9229 9.58723 17.0322
19.028 9.59618 17.0093
18.1549 9.60356 16.9372
17.2813 9.61149 16.8853
16.4252 9.61814 16.7927
15.6775 9.61332 16.3205
17.7712 9.28337 4.98625
16.7711 9.29494 5.01883
47.0013 10.0798 17.5479
45.4002 10.1058 18.2629
43.5265 10.1431 19.4446
42.7318 10.1404 18.9954
41.9651 10.1366 18.4961
41.1931 10.1329 17.9983
40.2754 10.1348 17.7389
39.0651 10.1489 17.9881
38.0186 10.1567 17.9764
37.0256 10.1625 17.8836
36.0363 10.1683 17.7963
35.0409 10.1747 17.7329
34.0562 10.1809 17.6626
33.0706 10.1873 17.6077
32.0884 10.1939 17.5607
31.1147 10.2004 17.5112
30.1526 10.2066 17.4518
29.2084 10.2122 17.3678
28.277 10.2174 17.2684
27.345 10.2228 17.1836
26.4007 10.2293 17.143
25.4728 10.2351 17.0788
24.5762 10.2395 16.9503
23.6164 10.2478 17.002
22.7011 10.2539 16.9558
21.7988 10.2595 16.8909
20.8298 10.2698 17.0395
19.9175 10.2769 17.0484
19.0332 10.2826 16.9929
18.1609 10.2878 16.9179
17.2832 10.2938 16.8789
16.427 10.2985 16.7863
15.5809 10.3028 16.6742
14.8371 10.2991 16.1888
14.0496 10.2988 15.8622
13.2455 10.2999 15.6031
12.4593 10.2995 15.2713
14.0028 10.0747 4.28473
46.8905 10.8503 17.7114
45.3511 10.8646 18.3368
43.5598 10.8851 19.3933
42.7419 10.884 18.9794
41.9737 10.8818 18.4823
41.1941 10.8797 17.9967
40.1802 10.8832 17.8993
38.9874 10.8913 18.1222
38.0092 10.8942 17.993
37.0167 10.8977 17.8997
36.0144 10.9016 17.8368
35.0158 10.9055 17.7805
34.0326 10.9092 17.7086
33.0559 10.9128 17.6372
32.081 10.9166 17.5759
31.1072 10.9205 17.527
30.1478 10.9241 17.4621
29.1965 10.9277 17.3943
28.2492 10.9313 17.332
27.3057 10.935 17.2762
26.3676 10.9386 17.2234
25.436 10.9423 17.1709
24.5102 10.946 17.1202
23.5856 10.9498 17.0837
22.6677 10.9536 17.0475
21.7563 10.9573 17.0116
20.8199 10.9623 17.0686
19.9156 10.9662 17.0544
19.0385 10.9694 16.9765
18.1666 10.9725 16.899
17.2851 10.9762 16.8725
16.4288 10.979 16.7799
15.5838 10.9816 16.6638
14.789 10.9818 16.3724
13.9746 10.9831 16.161
13.1638 10.9843 15.9433
12.358 10.9853 15.7129
11.5588 10.986 15.4601
10.7819 10.9854 15.1055
10.0153 10.9842 14.6947
9.57651 10.9609 12.5204
9.64519 10.8994 7.2577
46.8344 11.6172 17.7941
45.3146 11.6218 18.3919
43.6996 11.6273 19.1779
42.7514 11.6279 18.9645
41.9788 11.6272 18.4741
41.1798 11.6267 18.0202
40.0854 11.6285 18.059
38.9692 11.6306 18.1535
37.9915 11.6316 18.0243
36.9984 11.6327 17.9328
35.9926 11.634 17.8773
34.9939 11.6354 17.8222
34.0083 11.6366 17.756
33.0322 11.6378 17.6845
32.0644 11.639 17.6099
31.0955 11.6403 17.5516
30.1325 11.6415 17.4953
29.1762 11.6428 17.4394
28.2265 11.644 17.3839
27.2853 11.6452 17.3244
26.3489 11.6464 17.2688
25.4179 11.6476 17.2162
24.4958 11.6488 17.1573
23.5793 11.65 17.1005
22.6615 11.6513 17.0645
21.7503 11.6525 17.0287
20.8102 11.6542 17.097
19.921 11.6553 17.0379
19.0437 11.6564 16.96
18.1708 11.6574 16.8853
17.287 11.6587 16.8661
16.4309 11.6596 16.7725
15.5884 11.6604 16.6469
14.7771 11.6608 16.4177
13.9666 11.6612 16.1928
13.1524 11.6616 15.9907
12.3412 11.6621 15.786
11.5378 11.6624 15.5562
10.7359 11.6627 15.3269
9.99725 11.6618 14.7859
9.5032 11.6553 12.9122
9.60825 11.634 7.4666
45.4846 12.3795 18.1356
44.019 12.3751 18.6858
42.7645 12.3722 18.9438
41.9877 12.3729 18.4598
41.0307 12.3721 18.2658
39.9892 12.3707 18.2213
38.9544 12.3693 18.1791
38 12.3685 18.0092
36.9954 12.3672 17.9384
35.9818 12.3659 17.8972
34.9766 12.3645 17.855
33.9856 12.3632 17.8001
33.0217 12.3621 17.7055
32.0637 12.361 17.6115
31.0827 12.3596 17.5787
30.111 12.3583 17.5419
29.1528 12.357 17.4914
28.2049 12.3558 17.4335
27.2643 12.3546 17.3738
26.3301 12.3534 17.3145
25.4014 12.3522 17.2575
24.4806 12.351 17.1967
23.5659 12.3498 17.1362
22.656 12.3487 17.0797
21.7419 12.3474 17.0524
20.8082 12.3458 17.1028
19.9237 12.3447 17.0298
19.0446 12.3436 16.9572
18.1695 12.3426 16.8895
17.2889 12.3413 16.8596
16.4357 12.3404 16.7556
15.593 12.3396 16.63
14.7704 12.3391 16.4435
13.9566 12.3387 16.2327
13.1428 12.3382 16.0307
12.3313 12.3377 15.8293
11.522 12.3373 15.6284
10.7206 12.337 15.4001
9.98097 12.3379 14.8682
9.51717 12.345 12.8376
9.70404 12.3683 6.9248
46.1334 13.1527 17.1576
44.3582 13.1329 18.1633
43.008 13.1221 18.5604
42.0168 13.1192 18.4128
40.9817 13.1153 18.3465
39.9833 13.112 18.2311
38.9792 13.1085 18.1363
38.0232 13.1061 17.9682
37 13.1019 17.93
35.9846 13.0977 17.892
34.9789 13.0935 17.8507
33.988 13.0896 17.7956
33.0209 13.0862 17.7072
32.0519 13.0826 17.6356
31.0703 13.0785 17.6047
30.099 13.0745 17.5679
29.1433 13.0707 17.5126
28.1964 13.0671 17.4528
27.2589 13.0635 17.3864
26.3276 13.06 17.3204
25.3982 13.0564 17.2653
24.4745 13.0528 17.2123
23.5571 13.0492 17.1596
22.6459 13.0456 17.1073
21.7384 13.042 17.0624
20.8238 13.0379 17.0571
19.9237 13.0341 17.0296
19.0447 13.0309 16.957
18.1675 13.0276 16.896
17.2908 13.0241 16.8532
16.4405 13.0215 16.7387
15.5976 13.0191 16.6131
14.7634 13.0169 16.4701
13.9484 13.0156 16.2653
13.1355 13.0142 16.0611
12.3248 13.0129 15.8574
11.5163 13.0115 15.6543
10.7111 13.0103 15.4457
10.0006 13.0149 14.7687
9.65981 13.0447 12.0754
43.4236 13.886 17.9058
42.2294 13.8737 18.0704
41.1249 13.8644 18.1106
40.1371 13.8596 17.972
39.12 13.8533 17.8935
38.0746 13.8457 17.8774
37.0137 13.837 17.9051
35.9891 13.8296 17.8836
34.9814 13.8227 17.846
33.9933 13.8163 17.7851
33.0201 13.8103 17.7088
32.0394 13.8038 17.6613
31.0636 13.7971 17.6188
30.111 13.7913 17.542
29.1635 13.7855 17.4677
28.2101 13.7792 17.4215
27.2684 13.7731 17.3642
26.3363 13.7672 17.2992
25.406 13.7611 17.2459
24.482 13.7551 17.1929
23.5691 13.7494 17.1277
22.6666 13.744 17.0505
21.7673 13.7385 16.9804
20.8512 13.7316 16.9765
19.9329 13.7241 17.0018
19.0433 13.7181 16.9614
18.1655 13.7125 16.9026
17.2927 13.7069 16.8468
16.4468 13.703 16.7167
15.6323 13.7012 16.4862
14.8032 13.6981 16.3182
13.9714 13.6946 16.1738
13.1576 13.6923 15.9695
12.3459 13.6901 15.7657
11.5364 13.6878 15.5624
10.7536 13.6881 15.2418
10.1445 13.7067 14.0408
10.0006 13.779 10.2545
41.6049 14.6368 17.3199
40.4071 14.6187 17.5169
39.366 14.6088 17.4689
38.2771 14.5958 17.5197
37.1707 14.5812 17.6212
36.0664 14.5662 17.7405
34.882 14.5455 18.0349
33.8697 14.5349 18.0261
32.987 14.5323 17.7751
32.1372 14.5318 17.4606
31.1462 14.5216 17.4447
30.1468 14.5104 17.4644
29.1824 14.5011 17.4256
28.2284 14.4922 17.3795
27.2813 14.4833 17.3338
26.3444 14.4747 17.2798
25.4216 14.4668 17.2068
24.5069 14.4592 17.1288
23.5978 14.4515 17.0513
22.694 14.4439 16.9753
21.7924 14.4361 16.9092
20.8902 14.4277 16.8622
19.9704 14.4172 16.888
19.1099 14.4117 16.7517
18.2134 14.4022 16.7464
17.3303 14.3935 16.7194
16.5051 14.3904 16.5111
15.6837 14.3874 16.2979
14.8457 14.3823 16.156
14.0113 14.3772 16.0148
13.1804 14.3721 15.8741
12.367 14.3688 15.6737
11.5622 14.3664 15.4445
10.7975 14.3695 15.0309
10.2517 14.4053 13.498
10.0634 14.5004 9.9189
37.6186 15.3532 16.8106
36.3039 15.318 17.3
34.6806 15.2567 18.4177
33.6803 15.2437 18.3953
32.9868 15.2558 17.7754
32.267 15.2662 17.1941
31.2807 15.2538 17.1613
30.3018 15.2415 17.1287
29.3303 15.2292 17.0964
28.3683 15.2173 17.0594
27.4157 15.2057 17.0171
26.4694 15.1941 16.9764
25.5283 15.1824 16.9402
24.5919 15.1706 16.9097
23.6624 15.1589 16.8795
22.7378 15.147 16.8551
21.8177 15.135 16.8374
20.9209 15.1249 16.7724
20.0519 15.1176 16.6406
19.2069 15.1127 16.4466
18.3075 15.1006 16.4395
17.4301 15.0906 16.3814
16.5638 15.0813 16.3044
15.7281 15.0758 16.1349
14.8883 15.0692 15.9931
14.0521 15.0626 15.852
13.2195 15.0561 15.7114
12.3905 15.0495 15.5714
11.6124 15.0513 15.2149
10.9099 15.0669 14.4906
10.3511 15.1114 12.9951
10.2925 15.2606 8.69464
34.8408 15.9961 18.1132
33.7949 15.976 18.1719
33.2359 16.0048 17.2773
32.4455 16.0106 16.8278
31.4631 15.9963 16.7768
30.4872 15.982 16.7273
29.5182 15.9678 16.6782
28.5514 15.9532 16.6401
27.5905 15.9386 16.6052
26.6385 15.9242 16.5664
25.6931 15.9099 16.5283
24.7544 15.8958 16.4909
23.8195 15.8813 16.462
22.8891 15.8666 16.4396
21.9636 15.8517 16.4235
21.0624 15.8394 16.3572
20.1696 15.8276 16.2832
19.3032 15.819 16.1436
18.4122 15.806 16.0977
17.5413 15.7953 16.0048
16.6764 15.7849 15.9083
15.8297 15.7768 15.7627
14.9839 15.7684 15.6284
14.1421 15.76 15.4935
13.3086 15.7525 15.3406
12.4972 15.7488 15.1062
11.7132 15.7507 14.7539
11.0301 15.7751 13.9128
10.6151 15.8642 11.6587
33.5844 16.7749 16.5804
32.6253 16.762 16.4587
31.6377 16.7449 16.4089
30.6571 16.7279 16.3593
29.6832 16.711 16.311
28.716 16.6942 16.2633
27.7619 16.6784 16.2014
26.8085 16.6619 16.1538
25.8579 16.6449 16.1164
24.9142 16.628 16.0793
23.9772 16.6112 16.0427
23.0502 16.5951 15.9976
22.1343 16.5798 15.9394
21.2236 16.5645 15.8843
20.319 16.5493 15.8295
19.4204 16.5342 15.7751
18.548 16.523 15.6547
17.6791 16.5116 15.5381
16.8087 16.4991 15.4423
15.9538 16.4889 15.3079
15.1102 16.4803 15.1463
14.6262 16.5504 13.5647
14.5457 16.7189 10.1888
32.8484 17.5264 16.0008
31.8284 17.5026 16.0069
30.8363 17.482 15.9712
29.8517 17.4615 15.9358
28.8844 17.4427 15.8779
27.9326 17.4255 15.7992
26.9793 17.4071 15.7396
26.0231 17.3873 15.7036
25.0738 17.3676 15.6678
24.1333 17.3484 15.6276
23.1934 17.3282 15.6044
22.2735 17.3106 15.5446
21.3605 17.2933 15.4828
20.4515 17.2757 15.427
19.5483 17.2581 15.3727
18.6721 17.2452 15.2498
17.8003 17.2323 15.1275
16.9834 17.2311 14.8272
16.493 17.3067 13.3327
16.615 17.5382 9.40072
31.0364 18.2467 15.5379
30.0504 18.224 15.4934
29.0729 18.2017 15.4463
28.1051 18.1801 15.393
27.1518 18.1601 15.3212
26.1899 18.1374 15.2865
25.2374 18.1153 15.2464
24.2929 18.0936 15.2032
23.3496 18.0709 15.1756
22.4087 18.0474 15.1611
21.4909 18.0276 15.1002
20.5863 18.0096 15.0178
19.702 17.9951 14.889
18.9242 18.0053 14.4273
18.3908 18.0771 13.1273
18.5256 18.3264 9.39785
28.3401 18.9548 14.8393
27.3243 18.9206 14.9027
26.3612 18.8959 14.8584
25.4044 18.8713 14.8161
24.4543 18.8468 14.7742
23.5075 18.8217 14.7422
22.6209 18.8094 14.559
21.771 18.8054 14.2786
20.9046 18.797 14.0514
20.3555 18.8708 12.8332
